"divergence_threshold" "lambda" "omega" "sigma_bs" "sigma_t" "dispersal" "seed" "start_time" "model" "initial_abundance" "grid_cell_distance" "max_species" "ancestor_number" "inflexion" "decay" "aridity_cost" "K" "psi"
6 3.497 0.022 0.01 0.008 2.748 666 390 "m3_Scotese_Behr220_1" 10000 220 7500 1 1000 0.02 2 30000 0
8 2.743 0.029 0.006 0.012 2.119 666 390 "m3_Scotese_Behr220_2" 10000 220 7500 1 1000 0.02 2 30000 0
4 4.251 0.016 0.015 0.004 3.376 666 390 "m3_Scotese_Behr220_3" 10000 220 7500 1 1000 0.02 2 30000 0
5 3.12 0.026 0.003 0.013 3.691 666 390 "m3_Scotese_Behr220_4" 10000 220 7500 1 1000 0.02 2 30000 0
9 4.629 0.013 0.013 0.006 2.433 666 390 "m3_Scotese_Behr220_5" 10000 220 7500 1 1000 0.02 2 30000 0
7 2.365 0.019 0.008 0.003 3.062 666 390 "m3_Scotese_Behr220_6" 10000 220 7500 1 1000 0.02 2 30000 0
3 3.874 0.032 0.018 0.01 1.805 666 390 "m3_Scotese_Behr220_7" 10000 220 7500 1 1000 0.02 2 30000 0
3 2.931 0.018 0.014 0.009 1.962 666 390 "m3_Scotese_Behr220_8" 10000 220 7500 1 1000 0.02 2 30000 0
8 4.44 0.03 0.005 0.002 3.219 666 390 "m3_Scotese_Behr220_9" 10000 220 7500 1 1000 0.02 2 30000 0
10 2.177 0.024 0.019 0.005 2.59 666 390 "m3_Scotese_Behr220_10" 10000 220 7500 1 1000 0.02 2 30000 0
5 3.686 0.012 0.009 0.012 3.848 666 390 "m3_Scotese_Behr220_11" 10000 220 7500 1 1000 0.02 2 30000 0
4 2.554 0.033 0.012 0.007 3.533 666 390 "m3_Scotese_Behr220_12" 10000 220 7500 1 1000 0.02 2 30000 0
9 4.063 0.021 0.002 0.014 2.276 666 390 "m3_Scotese_Behr220_13" 10000 220 7500 1 1000 0.02 2 30000 0
6 3.308 0.015 0.016 0.011 2.905 666 390 "m3_Scotese_Behr220_14" 10000 220 7500 1 1000 0.02 2 30000 0
2 4.817 0.027 0.007 0.004 1.647 666 390 "m3_Scotese_Behr220_15" 10000 220 7500 1 1000 0.02 2 30000 0
3 3.403 0.031 0.009 0.005 2.355 666 390 "m3_Scotese_Behr220_16" 10000 220 7500 1 1000 0.02 2 30000 0
7 4.912 0.019 0.018 0.012 3.612 666 390 "m3_Scotese_Behr220_17" 10000 220 7500 1 1000 0.02 2 30000 0
9 2.648 0.012 0.004 0.008 1.726 666 390 "m3_Scotese_Behr220_18" 10000 220 7500 1 1000 0.02 2 30000 0
5 4.157 0.025 0.013 0.001 2.983 666 390 "m3_Scotese_Behr220_19" 10000 220 7500 1 1000 0.02 2 30000 0
6 2.271 0.022 0.006 0.01 3.298 666 390 "m3_Scotese_Behr220_20" 10000 220 7500 1 1000 0.02 2 30000 0
10 3.78 0.034 0.016 0.003 2.04 666 390 "m3_Scotese_Behr220_21" 10000 220 7500 1 1000 0.02 2 30000 0
8 3.026 0.028 0.002 0.007 3.926 666 390 "m3_Scotese_Behr220_22" 10000 220 7500 1 1000 0.02 2 30000 0
4 4.534 0.015 0.011 0.014 2.669 666 390 "m3_Scotese_Behr220_23" 10000 220 7500 1 1000 0.02 2 30000 0
3 2.46 0.023 0.017 0.013 2.512 666 390 "m3_Scotese_Behr220_24" 10000 220 7500 1 1000 0.02 2 30000 0
7 3.969 0.011 0.008 0.006 3.769 666 390 "m3_Scotese_Behr220_25" 10000 220 7500 1 1000 0.02 2 30000 0
9 3.214 0.017 0.012 0.002 1.883 666 390 "m3_Scotese_Behr220_26" 10000 220 7500 1 1000 0.02 2 30000 0
5 4.723 0.03 0.003 0.009 3.14 666 390 "m3_Scotese_Behr220_27" 10000 220 7500 1 1000 0.02 2 30000 0
4 2.837 0.014 0.019 0.004 2.826 666 390 "m3_Scotese_Behr220_28" 10000 220 7500 1 1000 0.02 2 30000 0
8 4.346 0.026 0.01 0.011 1.569 666 390 "m3_Scotese_Behr220_29" 10000 220 7500 1 1000 0.02 2 30000 0
6 2.083 0.033 0.015 0.015 3.455 666 390 "m3_Scotese_Behr220_30" 10000 220 7500 1 1000 0.02 2 30000 0
2 3.591 0.02 0.005 0.008 2.197 666 390 "m3_Scotese_Behr220_31" 10000 220 7500 1 1000 0.02 2 30000 0
2 2.79 0.025 0.012 0.011 3.101 666 390 "m3_Scotese_Behr220_32" 10000 220 7500 1 1000 0.02 2 30000 0
6 4.299 0.013 0.002 0.004 1.844 666 390 "m3_Scotese_Behr220_33" 10000 220 7500 1 1000 0.02 2 30000 0
8 2.035 0.019 0.017 0.007 3.73 666 390 "m3_Scotese_Behr220_34" 10000 220 7500 1 1000 0.02 2 30000 0
4 3.544 0.032 0.007 0.014 2.472 666 390 "m3_Scotese_Behr220_35" 10000 220 7500 1 1000 0.02 2 30000 0
5 2.413 0.016 0.014 0.006 2.158 666 390 "m3_Scotese_Behr220_36" 10000 220 7500 1 1000 0.02 2 30000 0
9 3.921 0.028 0.005 0.013 3.416 666 390 "m3_Scotese_Behr220_37" 10000 220 7500 1 1000 0.02 2 30000 0
7 3.167 0.035 0.019 0.009 1.529 666 390 "m3_Scotese_Behr220_38" 10000 220 7500 1 1000 0.02 2 30000 0
3 4.676 0.022 0.01 0.002 2.787 666 390 "m3_Scotese_Behr220_39" 10000 220 7500 1 1000 0.02 2 30000 0
4 2.224 0.03 0.004 0.003 2.944 666 390 "m3_Scotese_Behr220_40" 10000 220 7500 1 1000 0.02 2 30000 0
8 3.733 0.017 0.013 0.01 1.687 666 390 "m3_Scotese_Behr220_41" 10000 220 7500 1 1000 0.02 2 30000 0
10 2.978 0.011 0.008 0.013 3.573 666 390 "m3_Scotese_Behr220_42" 10000 220 7500 1 1000 0.02 2 30000 0
6 4.487 0.024 0.018 0.006 2.315 666 390 "m3_Scotese_Behr220_43" 10000 220 7500 1 1000 0.02 2 30000 0
5 3.356 0.021 0.001 0.012 2.63 666 390 "m3_Scotese_Behr220_44" 10000 220 7500 1 1000 0.02 2 30000 0
9 4.864 0.033 0.011 0.005 3.887 666 390 "m3_Scotese_Behr220_45" 10000 220 7500 1 1000 0.02 2 30000 0
7 2.601 0.027 0.006 0.001 2.001 666 390 "m3_Scotese_Behr220_46" 10000 220 7500 1 1000 0.02 2 30000 0
3 4.11 0.014 0.016 0.008 3.258 666 390 "m3_Scotese_Behr220_47" 10000 220 7500 1 1000 0.02 2 30000 0
3 2.695 0.017 0.02 0.015 3.966 666 390 "m3_Scotese_Behr220_48" 10000 220 7500 1 1000 0.02 2 30000 0
7 4.204 0.029 0.01 0.008 2.708 666 390 "m3_Scotese_Behr220_49" 10000 220 7500 1 1000 0.02 2 30000 0
9 3.45 0.023 0.015 0.004 3.337 666 390 "m3_Scotese_Behr220_50" 10000 220 7500 1 1000 0.02 2 30000 0
5 4.959 0.01 0.005 0.011 2.08 666 390 "m3_Scotese_Behr220_51" 10000 220 7500 1 1000 0.02 2 30000 0
6 3.073 0.032 0.017 0.003 1.765 666 390 "m3_Scotese_Behr220_52" 10000 220 7500 1 1000 0.02 2 30000 0
10 4.582 0.02 0.008 0.01 3.023 666 390 "m3_Scotese_Behr220_53" 10000 220 7500 1 1000 0.02 2 30000 0
8 2.318 0.013 0.013 0.013 2.394 666 390 "m3_Scotese_Behr220_54" 10000 220 7500 1 1000 0.02 2 30000 0
4 3.827 0.026 0.003 0.006 3.651 666 390 "m3_Scotese_Behr220_55" 10000 220 7500 1 1000 0.02 2 30000 0
3 3.261 0.012 0.007 0.007 3.494 666 390 "m3_Scotese_Behr220_56" 10000 220 7500 1 1000 0.02 2 30000 0
7 4.77 0.024 0.016 0.014 2.237 666 390 "m3_Scotese_Behr220_57" 10000 220 7500 1 1000 0.02 2 30000 0
9 2.507 0.031 0.002 0.01 2.865 666 390 "m3_Scotese_Behr220_58" 10000 220 7500 1 1000 0.02 2 30000 0
5 4.016 0.018 0.011 0.003 1.608 666 390 "m3_Scotese_Behr220_59" 10000 220 7500 1 1000 0.02 2 30000 0
4 2.13 0.028 0.009 0.009 1.922 666 390 "m3_Scotese_Behr220_60" 10000 220 7500 1 1000 0.02 2 30000 0
8 3.639 0.015 0.019 0.002 3.18 666 390 "m3_Scotese_Behr220_61" 10000 220 7500 1 1000 0.02 2 30000 0
6 2.884 0.021 0.004 0.005 2.551 666 390 "m3_Scotese_Behr220_62" 10000 220 7500 1 1000 0.02 2 30000 0
2 4.393 0.034 0.014 0.012 3.808 666 390 "m3_Scotese_Behr220_63" 10000 220 7500 1 1000 0.02 2 30000 0
2 3.191 0.021 0.016 0.004 3.671 666 390 "m3_Scotese_Behr220_64" 10000 220 7500 1 1000 0.02 2 30000 0
6 4.699 0.034 0.007 0.011 2.414 666 390 "m3_Scotese_Behr220_65" 10000 220 7500 1 1000 0.02 2 30000 0
8 2.436 0.027 0.012 0.014 3.042 666 390 "m3_Scotese_Behr220_66" 10000 220 7500 1 1000 0.02 2 30000 0
4 3.945 0.015 0.002 0.007 1.785 666 390 "m3_Scotese_Behr220_67" 10000 220 7500 1 1000 0.02 2 30000 0
5 2.059 0.031 0.019 0.013 2.099 666 390 "m3_Scotese_Behr220_68" 10000 220 7500 1 1000 0.02 2 30000 0
9 3.568 0.018 0.009 0.006 3.357 666 390 "m3_Scotese_Behr220_69" 10000 220 7500 1 1000 0.02 2 30000 0
7 2.813 0.012 0.014 0.002 2.728 666 390 "m3_Scotese_Behr220_70" 10000 220 7500 1 1000 0.02 2 30000 0
3 4.322 0.024 0.004 0.009 3.985 666 390 "m3_Scotese_Behr220_71" 10000 220 7500 1 1000 0.02 2 30000 0
4 2.625 0.013 0.01 0.01 3.828 666 390 "m3_Scotese_Behr220_72" 10000 220 7500 1 1000 0.02 2 30000 0
8 4.134 0.026 0.02 0.003 2.571 666 390 "m3_Scotese_Behr220_73" 10000 220 7500 1 1000 0.02 2 30000 0
10 3.379 0.032 0.006 0.007 3.199 666 390 "m3_Scotese_Behr220_74" 10000 220 7500 1 1000 0.02 2 30000 0
6 4.888 0.02 0.015 0.014 1.942 666 390 "m3_Scotese_Behr220_75" 10000 220 7500 1 1000 0.02 2 30000 0
5 3.002 0.023 0.008 0.005 1.628 666 390 "m3_Scotese_Behr220_76" 10000 220 7500 1 1000 0.02 2 30000 0
9 4.511 0.01 0.018 0.012 2.885 666 390 "m3_Scotese_Behr220_77" 10000 220 7500 1 1000 0.02 2 30000 0
7 2.248 0.016 0.003 0.008 2.256 666 390 "m3_Scotese_Behr220_78" 10000 220 7500 1 1000 0.02 2 30000 0
3 3.756 0.029 0.013 0.001 3.514 666 390 "m3_Scotese_Behr220_79" 10000 220 7500 1 1000 0.02 2 30000 0
3 2.342 0.027 0.013 0.008 2.806 666 390 "m3_Scotese_Behr220_80" 10000 220 7500 1 1000 0.02 2 30000 0
7 3.851 0.014 0.004 0.015 1.549 666 390 "m3_Scotese_Behr220_81" 10000 220 7500 1 1000 0.02 2 30000 0
9 3.096 0.02 0.018 0.011 3.435 666 390 "m3_Scotese_Behr220_82" 10000 220 7500 1 1000 0.02 2 30000 0
5 4.605 0.033 0.009 0.004 2.178 666 390 "m3_Scotese_Behr220_83" 10000 220 7500 1 1000 0.02 2 30000 0
6 3.473 0.011 0.011 0.01 2.492 666 390 "m3_Scotese_Behr220_84" 10000 220 7500 1 1000 0.02 2 30000 0
10 4.982 0.023 0.001 0.003 3.75 666 390 "m3_Scotese_Behr220_85" 10000 220 7500 1 1000 0.02 2 30000 0
8 2.719 0.03 0.016 0.006 1.863 666 390 "m3_Scotese_Behr220_86" 10000 220 7500 1 1000 0.02 2 30000 0
4 4.228 0.017 0.006 0.013 3.121 666 390 "m3_Scotese_Behr220_87" 10000 220 7500 1 1000 0.02 2 30000 0
3 2.908 0.034 0.003 0.014 3.278 666 390 "m3_Scotese_Behr220_88" 10000 220 7500 1 1000 0.02 2 30000 0
7 4.417 0.022 0.012 0.007 2.021 666 390 "m3_Scotese_Behr220_89" 10000 220 7500 1 1000 0.02 2 30000 0
9 2.153 0.016 0.007 0.003 3.907 666 390 "m3_Scotese_Behr220_90" 10000 220 7500 1 1000 0.02 2 30000 0
5 3.662 0.028 0.017 0.011 2.649 666 390 "m3_Scotese_Behr220_91" 10000 220 7500 1 1000 0.02 2 30000 0
4 2.53 0.019 0.005 0.002 2.335 666 390 "m3_Scotese_Behr220_92" 10000 220 7500 1 1000 0.02 2 30000 0
8 4.039 0.031 0.015 0.009 3.592 666 390 "m3_Scotese_Behr220_93" 10000 220 7500 1 1000 0.02 2 30000 0
6 3.285 0.025 0.01 0.012 1.706 666 390 "m3_Scotese_Behr220_94" 10000 220 7500 1 1000 0.02 2 30000 0
2 4.794 0.013 0.019 0.005 2.964 666 390 "m3_Scotese_Behr220_95" 10000 220 7500 1 1000 0.02 2 30000 0
2 2.389 0.033 0.008 0.008 2.689 666 390 "m3_Scotese_Behr220_96" 10000 220 7500 1 1000 0.02 2 30000 0
6 3.898 0.021 0.017 0.001 3.946 666 390 "m3_Scotese_Behr220_97" 10000 220 7500 1 1000 0.02 2 30000 0
8 3.143 0.014 0.003 0.005 2.06 666 390 "m3_Scotese_Behr220_98" 10000 220 7500 1 1000 0.02 2 30000 0
4 4.652 0.027 0.012 0.012 3.317 666 390 "m3_Scotese_Behr220_99" 10000 220 7500 1 1000 0.02 2 30000 0
5 2.766 0.018 0.01 0.006 3.003 666 390 "m3_Scotese_Behr220_100" 10000 220 7500 1 1000 0.02 2 30000 0
9 4.275 0.03 0.02 0.013 1.746 666 390 "m3_Scotese_Behr220_101" 10000 220 7500 1 1000 0.02 2 30000 0
7 2.012 0.024 0.005 0.01 3.632 666 390 "m3_Scotese_Behr220_102" 10000 220 7500 1 1000 0.02 2 30000 0
3 3.521 0.011 0.015 0.003 2.374 666 390 "m3_Scotese_Behr220_103" 10000 220 7500 1 1000 0.02 2 30000 0
4 3.332 0.029 0.018 0.002 2.217 666 390 "m3_Scotese_Behr220_104" 10000 220 7500 1 1000 0.02 2 30000 0
8 4.841 0.016 0.009 0.009 3.474 666 390 "m3_Scotese_Behr220_105" 10000 220 7500 1 1000 0.02 2 30000 0
10 2.578 0.022 0.014 0.013 1.588 666 390 "m3_Scotese_Behr220_106" 10000 220 7500 1 1000 0.02 2 30000 0
6 4.086 0.035 0.004 0.005 2.846 666 390 "m3_Scotese_Behr220_107" 10000 220 7500 1 1000 0.02 2 30000 0
5 2.2 0.013 0.016 0.014 3.16 666 390 "m3_Scotese_Behr220_108" 10000 220 7500 1 1000 0.02 2 30000 0
9 3.709 0.025 0.006 0.007 1.903 666 390 "m3_Scotese_Behr220_109" 10000 220 7500 1 1000 0.02 2 30000 0
7 2.955 0.032 0.011 0.004 3.789 666 390 "m3_Scotese_Behr220_110" 10000 220 7500 1 1000 0.02 2 30000 0
3 4.464 0.019 0.002 0.011 2.531 666 390 "m3_Scotese_Behr220_111" 10000 220 7500 1 1000 0.02 2 30000 0
3 3.049 0.015 0.005 0.012 1.824 666 390 "m3_Scotese_Behr220_112" 10000 220 7500 1 1000 0.02 2 30000 0
7 4.558 0.028 0.014 0.005 3.082 666 390 "m3_Scotese_Behr220_113" 10000 220 7500 1 1000 0.02 2 30000 0
9 2.295 0.034 0.009 0.002 2.453 666 390 "m3_Scotese_Behr220_114" 10000 220 7500 1 1000 0.02 2 30000 0
5 3.804 0.022 0.019 0.009 3.71 666 390 "m3_Scotese_Behr220_115" 10000 220 7500 1 1000 0.02 2 30000 0
6 2.672 0.025 0.002 0.003 3.396 666 390 "m3_Scotese_Behr220_116" 10000 220 7500 1 1000 0.02 2 30000 0
10 4.181 0.012 0.012 0.01 2.139 666 390 "m3_Scotese_Behr220_117" 10000 220 7500 1 1000 0.02 2 30000 0
8 3.426 0.018 0.007 0.014 2.767 666 390 "m3_Scotese_Behr220_118" 10000 220 7500 1 1000 0.02 2 30000 0
4 4.935 0.031 0.017 0.007 1.51 666 390 "m3_Scotese_Behr220_119" 10000 220 7500 1 1000 0.02 2 30000 0
3 2.106 0.02 0.011 0.006 1.667 666 390 "m3_Scotese_Behr220_120" 10000 220 7500 1 1000 0.02 2 30000 0
7 3.615 0.032 0.001 0.013 2.924 666 390 "m3_Scotese_Behr220_121" 10000 220 7500 1 1000 0.02 2 30000 0
9 2.861 0.026 0.015 0.009 2.296 666 390 "m3_Scotese_Behr220_122" 10000 220 7500 1 1000 0.02 2 30000 0
5 4.369 0.014 0.006 0.002 3.553 666 390 "m3_Scotese_Behr220_123" 10000 220 7500 1 1000 0.02 2 30000 0
4 3.238 0.029 0.013 0.011 3.867 666 390 "m3_Scotese_Behr220_124" 10000 220 7500 1 1000 0.02 2 30000 0
8 4.747 0.017 0.003 0.004 2.61 666 390 "m3_Scotese_Behr220_125" 10000 220 7500 1 1000 0.02 2 30000 0
6 2.483 0.011 0.018 0.008 3.239 666 390 "m3_Scotese_Behr220_126" 10000 220 7500 1 1000 0.02 2 30000 0
2 3.992 0.023 0.008 0.015 1.981 666 390 "m3_Scotese_Behr220_127" 10000 220 7500 1 1000 0.02 2 30000 0
2 2.99 0.03 0.019 0.008 2.541 666 390 "m3_Scotese_Behr220_128" 10000 220 7500 1 1000 0.02 2 30000 0
6 4.499 0.017 0.009 0.015 3.799 666 390 "m3_Scotese_Behr220_129" 10000 220 7500 1 1000 0.02 2 30000 0
8 2.236 0.011 0.014 0.011 1.913 666 390 "m3_Scotese_Behr220_130" 10000 220 7500 1 1000 0.02 2 30000 0
4 3.745 0.023 0.005 0.004 3.17 666 390 "m3_Scotese_Behr220_131" 10000 220 7500 1 1000 0.02 2 30000 0
5 2.613 0.02 0.017 0.009 2.856 666 390 "m3_Scotese_Behr220_132" 10000 220 7500 1 1000 0.02 2 30000 0
9 4.122 0.033 0.007 0.002 1.598 666 390 "m3_Scotese_Behr220_133" 10000 220 7500 1 1000 0.02 2 30000 0
7 3.367 0.027 0.012 0.006 3.484 666 390 "m3_Scotese_Behr220_134" 10000 220 7500 1 1000 0.02 2 30000 0
3 4.876 0.014 0.002 0.013 2.227 666 390 "m3_Scotese_Behr220_135" 10000 220 7500 1 1000 0.02 2 30000 0
4 2.047 0.025 0.006 0.014 2.384 666 390 "m3_Scotese_Behr220_136" 10000 220 7500 1 1000 0.02 2 30000 0
8 3.556 0.012 0.015 0.007 3.641 666 390 "m3_Scotese_Behr220_137" 10000 220 7500 1 1000 0.02 2 30000 0
10 2.802 0.019 0.001 0.003 1.755 666 390 "m3_Scotese_Behr220_138" 10000 220 7500 1 1000 0.02 2 30000 0
6 4.31 0.031 0.011 0.01 3.013 666 390 "m3_Scotese_Behr220_139" 10000 220 7500 1 1000 0.02 2 30000 0
5 3.179 0.016 0.008 0.001 3.327 666 390 "m3_Scotese_Behr220_140" 10000 220 7500 1 1000 0.02 2 30000 0
9 4.688 0.028 0.018 0.008 2.07 666 390 "m3_Scotese_Behr220_141" 10000 220 7500 1 1000 0.02 2 30000 0
7 2.424 0.034 0.003 0.012 3.956 666 390 "m3_Scotese_Behr220_142" 10000 220 7500 1 1000 0.02 2 30000 0
3 3.933 0.022 0.013 0.005 2.698 666 390 "m3_Scotese_Behr220_143" 10000 220 7500 1 1000 0.02 2 30000 0
3 2.519 0.012 0.012 0.004 1.991 666 390 "m3_Scotese_Behr220_144" 10000 220 7500 1 1000 0.02 2 30000 0
7 4.028 0.024 0.003 0.011 3.249 666 390 "m3_Scotese_Behr220_145" 10000 220 7500 1 1000 0.02 2 30000 0
9 3.273 0.03 0.017 0.015 2.62 666 390 "m3_Scotese_Behr220_146" 10000 220 7500 1 1000 0.02 2 30000 0
5 4.782 0.018 0.008 0.008 3.877 666 390 "m3_Scotese_Behr220_147" 10000 220 7500 1 1000 0.02 2 30000 0
6 2.896 0.027 0.015 0.013 3.563 666 390 "m3_Scotese_Behr220_148" 10000 220 7500 1 1000 0.02 2 30000 0
10 4.405 0.015 0.005 0.006 2.306 666 390 "m3_Scotese_Behr220_149" 10000 220 7500 1 1000 0.02 2 30000 0
8 2.141 0.021 0.02 0.003 2.934 666 390 "m3_Scotese_Behr220_150" 10000 220 7500 1 1000 0.02 2 30000 0
4 3.65 0.034 0.01 0.01 1.677 666 390 "m3_Scotese_Behr220_151" 10000 220 7500 1 1000 0.02 2 30000 0
3 3.462 0.016 0.004 0.011 1.52 666 390 "m3_Scotese_Behr220_152" 10000 220 7500 1 1000 0.02 2 30000 0
7 4.971 0.029 0.014 0.004 2.777 666 390 "m3_Scotese_Behr220_153" 10000 220 7500 1 1000 0.02 2 30000 0
9 2.707 0.023 0.009 0.007 2.148 666 390 "m3_Scotese_Behr220_154" 10000 220 7500 1 1000 0.02 2 30000 0
5 4.216 0.01 0.018 0.014 3.406 666 390 "m3_Scotese_Behr220_155" 10000 220 7500 1 1000 0.02 2 30000 0
4 2.33 0.032 0.002 0.005 3.72 666 390 "m3_Scotese_Behr220_156" 10000 220 7500 1 1000 0.02 2 30000 0
8 3.839 0.019 0.011 0.012 2.463 666 390 "m3_Scotese_Behr220_157" 10000 220 7500 1 1000 0.02 2 30000 0
6 3.084 0.013 0.006 0.009 3.091 666 390 "m3_Scotese_Behr220_158" 10000 220 7500 1 1000 0.02 2 30000 0
2 4.593 0.026 0.016 0.002 1.834 666 390 "m3_Scotese_Behr220_159" 10000 220 7500 1 1000 0.02 2 30000 0
2 2.189 0.018 0.008 0.012 3.524 666 390 "m3_Scotese_Behr220_160" 10000 220 7500 1 1000 0.02 2 30000 0
6 3.697 0.031 0.018 0.005 2.266 666 390 "m3_Scotese_Behr220_161" 10000 220 7500 1 1000 0.02 2 30000 0
8 2.943 0.025 0.004 0.001 2.895 666 390 "m3_Scotese_Behr220_162" 10000 220 7500 1 1000 0.02 2 30000 0
4 4.452 0.012 0.013 0.008 1.638 666 390 "m3_Scotese_Behr220_163" 10000 220 7500 1 1000 0.02 2 30000 0
5 3.32 0.034 0.006 0.003 1.952 666 390 "m3_Scotese_Behr220_164" 10000 220 7500 1 1000 0.02 2 30000 0
9 4.829 0.021 0.016 0.01 3.209 666 390 "m3_Scotese_Behr220_165" 10000 220 7500 1 1000 0.02 2 30000 0
7 2.566 0.015 0.001 0.013 2.581 666 390 "m3_Scotese_Behr220_166" 10000 220 7500 1 1000 0.02 2 30000 0
3 4.075 0.028 0.011 0.006 3.838 666 390 "m3_Scotese_Behr220_167" 10000 220 7500 1 1000 0.02 2 30000 0
4 2.754 0.01 0.017 0.006 3.995 666 390 "m3_Scotese_Behr220_168" 10000 220 7500 1 1000 0.02 2 30000 0
8 4.263 0.023 0.007 0.013 2.738 666 390 "m3_Scotese_Behr220_169" 10000 220 7500 1 1000 0.02 2 30000 0
10 2 0.029 0.012 0.009 3.366 666 390 "m3_Scotese_Behr220_170" 10000 220 7500 1 1000 0.02 2 30000 0
6 3.509 0.017 0.003 0.002 2.109 666 390 "m3_Scotese_Behr220_171" 10000 220 7500 1 1000 0.02 2 30000 0
5 2.377 0.026 0.019 0.011 1.795 666 390 "m3_Scotese_Behr220_172" 10000 220 7500 1 1000 0.02 2 30000 0
9 3.886 0.014 0.01 0.004 3.052 666 390 "m3_Scotese_Behr220_173" 10000 220 7500 1 1000 0.02 2 30000 0
7 3.132 0.02 0.014 0.007 2.423 666 390 "m3_Scotese_Behr220_174" 10000 220 7500 1 1000 0.02 2 30000 0
3 4.64 0.032 0.005 0.014 3.681 666 390 "m3_Scotese_Behr220_175" 10000 220 7500 1 1000 0.02 2 30000 0
3 3.226 0.024 0.002 0.009 2.973 666 390 "m3_Scotese_Behr220_176" 10000 220 7500 1 1000 0.02 2 30000 0
7 4.735 0.011 0.011 0.002 1.716 666 390 "m3_Scotese_Behr220_177" 10000 220 7500 1 1000 0.02 2 30000 0
9 2.472 0.018 0.007 0.005 3.602 666 390 "m3_Scotese_Behr220_178" 10000 220 7500 1 1000 0.02 2 30000 0
5 3.98 0.03 0.016 0.012 2.345 666 390 "m3_Scotese_Behr220_179" 10000 220 7500 1 1000 0.02 2 30000 0
6 2.094 0.014 0.004 0.007 2.659 666 390 "m3_Scotese_Behr220_180" 10000 220 7500 1 1000 0.02 2 30000 0
10 3.603 0.027 0.014 0.014 3.917 666 390 "m3_Scotese_Behr220_181" 10000 220 7500 1 1000 0.02 2 30000 0
8 2.849 0.033 0.009 0.01 2.03 666 390 "m3_Scotese_Behr220_182" 10000 220 7500 1 1000 0.02 2 30000 0
4 4.358 0.021 0.019 0.003 3.288 666 390 "m3_Scotese_Behr220_183" 10000 220 7500 1 1000 0.02 2 30000 0
3 2.66 0.032 0.015 0.002 3.131 666 390 "m3_Scotese_Behr220_184" 10000 220 7500 1 1000 0.02 2 30000 0
7 4.169 0.019 0.006 0.009 1.873 666 390 "m3_Scotese_Behr220_185" 10000 220 7500 1 1000 0.02 2 30000 0
9 3.415 0.013 0.02 0.013 3.759 666 390 "m3_Scotese_Behr220_186" 10000 220 7500 1 1000 0.02 2 30000 0
5 4.923 0.025 0.01 0.006 2.502 666 390 "m3_Scotese_Behr220_187" 10000 220 7500 1 1000 0.02 2 30000 0
4 3.037 0.022 0.013 0.015 2.188 666 390 "m3_Scotese_Behr220_188" 10000 220 7500 1 1000 0.02 2 30000 0
8 4.546 0.035 0.003 0.008 3.445 666 390 "m3_Scotese_Behr220_189" 10000 220 7500 1 1000 0.02 2 30000 0
6 2.283 0.028 0.017 0.004 1.559 666 390 "m3_Scotese_Behr220_190" 10000 220 7500 1 1000 0.02 2 30000 0
2 3.792 0.016 0.008 0.011 2.816 666 390 "m3_Scotese_Behr220_191" 10000 220 7500 1 1000 0.02 2 30000 0
2 2.589 0.028 0.006 0.005 3.268 666 390 "m3_Scotese_Behr220_192" 10000 220 7500 1 1000 0.02 2 30000 0
6 4.098 0.016 0.015 0.012 2.011 666 390 "m3_Scotese_Behr220_193" 10000 220 7500 1 1000 0.02 2 30000 0
8 3.344 0.022 0.01 0.008 3.897 666 390 "m3_Scotese_Behr220_194" 10000 220 7500 1 1000 0.02 2 30000 0
4 4.853 0.035 0.02 0.001 2.639 666 390 "m3_Scotese_Behr220_195" 10000 220 7500 1 1000 0.02 2 30000 0
5 2.967 0.013 0.003 0.01 2.325 666 390 "m3_Scotese_Behr220_196" 10000 220 7500 1 1000 0.02 2 30000 0
9 4.475 0.025 0.013 0.003 3.583 666 390 "m3_Scotese_Behr220_197" 10000 220 7500 1 1000 0.02 2 30000 0
7 2.212 0.031 0.008 0.006 1.696 666 390 "m3_Scotese_Behr220_198" 10000 220 7500 1 1000 0.02 2 30000 0
3 3.721 0.019 0.018 0.013 2.954 666 390 "m3_Scotese_Behr220_199" 10000 220 7500 1 1000 0.02 2 30000 0
4 3.155 0.033 0.012 0.012 2.797 666 390 "m3_Scotese_Behr220_200" 10000 220 7500 1 1000 0.02 2 30000 0
8 4.664 0.02 0.002 0.005 1.539 666 390 "m3_Scotese_Behr220_201" 10000 220 7500 1 1000 0.02 2 30000 0
10 2.401 0.014 0.016 0.002 3.425 666 390 "m3_Scotese_Behr220_202" 10000 220 7500 1 1000 0.02 2 30000 0
6 3.91 0.027 0.007 0.009 2.168 666 390 "m3_Scotese_Behr220_203" 10000 220 7500 1 1000 0.02 2 30000 0
5 2.024 0.017 0.014 0.004 2.482 666 390 "m3_Scotese_Behr220_204" 10000 220 7500 1 1000 0.02 2 30000 0
9 3.532 0.03 0.004 0.011 3.74 666 390 "m3_Scotese_Behr220_205" 10000 220 7500 1 1000 0.02 2 30000 0
7 2.778 0.024 0.019 0.014 1.854 666 390 "m3_Scotese_Behr220_206" 10000 220 7500 1 1000 0.02 2 30000 0
3 4.287 0.011 0.009 0.007 3.111 666 390 "m3_Scotese_Behr220_207" 10000 220 7500 1 1000 0.02 2 30000 0
3 2.872 0.02 0.007 0.001 3.818 666 390 "m3_Scotese_Behr220_208" 10000 220 7500 1 1000 0.02 2 30000 0
7 4.381 0.032 0.017 0.008 2.561 666 390 "m3_Scotese_Behr220_209" 10000 220 7500 1 1000 0.02 2 30000 0
9 2.118 0.026 0.003 0.012 3.19 666 390 "m3_Scotese_Behr220_210" 10000 220 7500 1 1000 0.02 2 30000 0
5 3.627 0.013 0.012 0.005 1.932 666 390 "m3_Scotese_Behr220_211" 10000 220 7500 1 1000 0.02 2 30000 0
6 2.495 0.029 0.01 0.014 1.618 666 390 "m3_Scotese_Behr220_212" 10000 220 7500 1 1000 0.02 2 30000 0
10 4.004 0.017 0.019 0.007 2.875 666 390 "m3_Scotese_Behr220_213" 10000 220 7500 1 1000 0.02 2 30000 0
8 3.25 0.01 0.005 0.003 2.247 666 390 "m3_Scotese_Behr220_214" 10000 220 7500 1 1000 0.02 2 30000 0
4 4.758 0.023 0.015 0.01 3.504 666 390 "m3_Scotese_Behr220_215" 10000 220 7500 1 1000 0.02 2 30000 0
3 2.306 0.015 0.018 0.009 3.661 666 390 "m3_Scotese_Behr220_216" 10000 220 7500 1 1000 0.02 2 30000 0
7 3.815 0.027 0.009 0.002 2.404 666 390 "m3_Scotese_Behr220_217" 10000 220 7500 1 1000 0.02 2 30000 0
9 3.061 0.034 0.013 0.006 3.032 666 390 "m3_Scotese_Behr220_218" 10000 220 7500 1 1000 0.02 2 30000 0
5 4.57 0.021 0.004 0.013 1.775 666 390 "m3_Scotese_Behr220_219" 10000 220 7500 1 1000 0.02 2 30000 0
4 3.438 0.024 0.016 0.008 2.089 666 390 "m3_Scotese_Behr220_220" 10000 220 7500 1 1000 0.02 2 30000 0
8 4.947 0.012 0.006 0.015 3.347 666 390 "m3_Scotese_Behr220_221" 10000 220 7500 1 1000 0.02 2 30000 0
6 2.684 0.018 0.011 0.011 2.718 666 390 "m3_Scotese_Behr220_222" 10000 220 7500 1 1000 0.02 2 30000 0
2 4.193 0.031 0.001 0.004 3.975 666 390 "m3_Scotese_Behr220_223" 10000 220 7500 1 1000 0.02 2 30000 0
2 3.391 0.014 0.014 0.014 1.657 666 390 "m3_Scotese_Behr220_224" 10000 220 7500 1 1000 0.02 2 30000 0
6 4.9 0.026 0.004 0.007 2.915 666 390 "m3_Scotese_Behr220_225" 10000 220 7500 1 1000 0.02 2 30000 0
8 2.637 0.033 0.018 0.004 2.286 666 390 "m3_Scotese_Behr220_226" 10000 220 7500 1 1000 0.02 2 30000 0
4 4.145 0.02 0.009 0.011 3.543 666 390 "m3_Scotese_Behr220_227" 10000 220 7500 1 1000 0.02 2 30000 0
5 2.259 0.023 0.011 0.002 3.858 666 390 "m3_Scotese_Behr220_228" 10000 220 7500 1 1000 0.02 2 30000 0
9 3.768 0.011 0.002 0.009 2.6 666 390 "m3_Scotese_Behr220_229" 10000 220 7500 1 1000 0.02 2 30000 0
7 3.014 0.017 0.016 0.013 3.229 666 390 "m3_Scotese_Behr220_230" 10000 220 7500 1 1000 0.02 2 30000 0
3 4.523 0.029 0.007 0.006 1.972 666 390 "m3_Scotese_Behr220_231" 10000 220 7500 1 1000 0.02 2 30000 0
4 2.448 0.022 0.003 0.007 1.814 666 390 "m3_Scotese_Behr220_232" 10000 220 7500 1 1000 0.02 2 30000 0
8 3.957 0.034 0.013 0.014 3.072 666 390 "m3_Scotese_Behr220_233" 10000 220 7500 1 1000 0.02 2 30000 0
10 3.202 0.028 0.008 0.01 2.443 666 390 "m3_Scotese_Behr220_234" 10000 220 7500 1 1000 0.02 2 30000 0
6 4.711 0.015 0.017 0.003 3.7 666 390 "m3_Scotese_Behr220_235" 10000 220 7500 1 1000 0.02 2 30000 0
5 2.825 0.031 0.005 0.008 3.386 666 390 "m3_Scotese_Behr220_236" 10000 220 7500 1 1000 0.02 2 30000 0
9 4.334 0.018 0.015 0.001 2.129 666 390 "m3_Scotese_Behr220_237" 10000 220 7500 1 1000 0.02 2 30000 0
7 2.071 0.012 0.01 0.005 2.757 666 390 "m3_Scotese_Behr220_238" 10000 220 7500 1 1000 0.02 2 30000 0
3 3.58 0.025 0.02 0.012 1.5 666 390 "m3_Scotese_Behr220_239" 10000 220 7500 1 1000 0.02 2 30000 0
3 2.165 0.035 0.015 0.011 2.207 666 390 "m3_Scotese_Behr220_240" 10000 220 7500 1 1000 0.02 2 30000 0
7 3.674 0.022 0.006 0.004 3.465 666 390 "m3_Scotese_Behr220_241" 10000 220 7500 1 1000 0.02 2 30000 0
9 2.919 0.016 0.011 0.008 1.579 666 390 "m3_Scotese_Behr220_242" 10000 220 7500 1 1000 0.02 2 30000 0
5 4.428 0.029 0.001 0.015 2.836 666 390 "m3_Scotese_Behr220_243" 10000 220 7500 1 1000 0.02 2 30000 0
6 3.297 0.019 0.018 0.006 3.15 666 390 "m3_Scotese_Behr220_244" 10000 220 7500 1 1000 0.02 2 30000 0
10 4.806 0.032 0.008 0.013 1.893 666 390 "m3_Scotese_Behr220_245" 10000 220 7500 1 1000 0.02 2 30000 0
8 2.542 0.026 0.013 0.01 3.779 666 390 "m3_Scotese_Behr220_246" 10000 220 7500 1 1000 0.02 2 30000 0
4 4.051 0.013 0.004 0.003 2.522 666 390 "m3_Scotese_Behr220_247" 10000 220 7500 1 1000 0.02 2 30000 0
3 3.108 0.027 0.01 0.003 2.679 666 390 "m3_Scotese_Behr220_248" 10000 220 7500 1 1000 0.02 2 30000 0
7 4.617 0.015 0.019 0.01 3.936 666 390 "m3_Scotese_Behr220_249" 10000 220 7500 1 1000 0.02 2 30000 0
9 2.354 0.021 0.005 0.014 2.05 666 390 "m3_Scotese_Behr220_250" 10000 220 7500 1 1000 0.02 2 30000 0
5 3.862 0.033 0.014 0.007 3.307 666 390 "m3_Scotese_Behr220_251" 10000 220 7500 1 1000 0.02 2 30000 0
4 2.731 0.011 0.007 0.012 2.993 666 390 "m3_Scotese_Behr220_252" 10000 220 7500 1 1000 0.02 2 30000 0
8 4.24 0.024 0.017 0.005 1.736 666 390 "m3_Scotese_Behr220_253" 10000 220 7500 1 1000 0.02 2 30000 0
6 3.485 0.03 0.002 0.002 3.622 666 390 "m3_Scotese_Behr220_254" 10000 220 7500 1 1000 0.02 2 30000 0
2 4.994 0.018 0.012 0.009 2.364 666 390 "m3_Scotese_Behr220_255" 10000 220 7500 1 1000 0.02 2 30000 0
2 3.491 0.026 0.006 0.013 3.941 666 390 "m3_Scotese_Behr220_256" 10000 220 7500 1 1000 0.02 2 30000 0
6 5 0.014 0.016 0.006 2.684 666 390 "m3_Scotese_Behr220_257" 10000 220 7500 1 1000 0.02 2 30000 0
8 2.737 0.02 0.002 0.002 3.312 666 390 "m3_Scotese_Behr220_258" 10000 220 7500 1 1000 0.02 2 30000 0
4 4.246 0.033 0.011 0.009 2.055 666 390 "m3_Scotese_Behr220_259" 10000 220 7500 1 1000 0.02 2 30000 0
5 2.36 0.011 0.009 0.004 1.741 666 390 "m3_Scotese_Behr220_260" 10000 220 7500 1 1000 0.02 2 30000 0
9 3.868 0.023 0.018 0.011 2.998 666 390 "m3_Scotese_Behr220_261" 10000 220 7500 1 1000 0.02 2 30000 0
7 3.114 0.03 0.004 0.014 2.369 666 390 "m3_Scotese_Behr220_262" 10000 220 7500 1 1000 0.02 2 30000 0
3 4.623 0.017 0.014 0.007 3.627 666 390 "m3_Scotese_Behr220_263" 10000 220 7500 1 1000 0.02 2 30000 0
4 2.548 0.034 0.019 0.005 3.47 666 390 "m3_Scotese_Behr220_264" 10000 220 7500 1 1000 0.02 2 30000 0
8 4.057 0.022 0.01 0.012 2.212 666 390 "m3_Scotese_Behr220_265" 10000 220 7500 1 1000 0.02 2 30000 0
10 3.303 0.015 0.015 0.008 2.841 666 390 "m3_Scotese_Behr220_266" 10000 220 7500 1 1000 0.02 2 30000 0
6 4.811 0.028 0.005 0.001 1.583 666 390 "m3_Scotese_Behr220_267" 10000 220 7500 1 1000 0.02 2 30000 0
5 2.925 0.019 0.017 0.01 1.898 666 390 "m3_Scotese_Behr220_268" 10000 220 7500 1 1000 0.02 2 30000 0
9 4.434 0.031 0.008 0.003 3.155 666 390 "m3_Scotese_Behr220_269" 10000 220 7500 1 1000 0.02 2 30000 0
7 2.171 0.025 0.012 0.007 2.527 666 390 "m3_Scotese_Behr220_270" 10000 220 7500 1 1000 0.02 2 30000 0
3 3.68 0.012 0.003 0.014 3.784 666 390 "m3_Scotese_Behr220_271" 10000 220 7500 1 1000 0.02 2 30000 0
3 2.077 0.022 0.003 0.01 3.077 666 390 "m3_Scotese_Behr220_272" 10000 220 7500 1 1000 0.02 2 30000 0
7 3.585 0.035 0.013 0.003 1.819 666 390 "m3_Scotese_Behr220_273" 10000 220 7500 1 1000 0.02 2 30000 0
9 2.831 0.029 0.008 0.006 3.705 666 390 "m3_Scotese_Behr220_274" 10000 220 7500 1 1000 0.02 2 30000 0
5 4.34 0.016 0.018 0.013 2.448 666 390 "m3_Scotese_Behr220_275" 10000 220 7500 1 1000 0.02 2 30000 0
6 3.208 0.032 0.001 0.008 2.134 666 390 "m3_Scotese_Behr220_276" 10000 220 7500 1 1000 0.02 2 30000 0
10 4.717 0.019 0.011 0.015 3.391 666 390 "m3_Scotese_Behr220_277" 10000 220 7500 1 1000 0.02 2 30000 0
8 2.454 0.013 0.006 0.011 1.505 666 390 "m3_Scotese_Behr220_278" 10000 220 7500 1 1000 0.02 2 30000 0
4 3.963 0.026 0.015 0.004 2.762 666 390 "m3_Scotese_Behr220_279" 10000 220 7500 1 1000 0.02 2 30000 0
3 3.02 0.015 0.012 0.002 2.919 666 390 "m3_Scotese_Behr220_280" 10000 220 7500 1 1000 0.02 2 30000 0
7 4.528 0.027 0.002 0.009 1.662 666 390 "m3_Scotese_Behr220_281" 10000 220 7500 1 1000 0.02 2 30000 0
9 2.265 0.033 0.016 0.012 3.548 666 390 "m3_Scotese_Behr220_282" 10000 220 7500 1 1000 0.02 2 30000 0
5 3.774 0.021 0.007 0.005 2.291 666 390 "m3_Scotese_Behr220_283" 10000 220 7500 1 1000 0.02 2 30000 0
4 2.642 0.024 0.014 0.014 2.605 666 390 "m3_Scotese_Behr220_284" 10000 220 7500 1 1000 0.02 2 30000 0
8 4.151 0.011 0.005 0.007 3.862 666 390 "m3_Scotese_Behr220_285" 10000 220 7500 1 1000 0.02 2 30000 0
6 3.397 0.018 0.019 0.003 1.976 666 390 "m3_Scotese_Behr220_286" 10000 220 7500 1 1000 0.02 2 30000 0
2 4.906 0.03 0.009 0.01 3.234 666 390 "m3_Scotese_Behr220_287" 10000 220 7500 1 1000 0.02 2 30000 0
2 2.69 0.016 0.017 0.006 2.409 666 390 "m3_Scotese_Behr220_288" 10000 220 7500 1 1000 0.02 2 30000 0
6 4.198 0.028 0.008 0.013 3.666 666 390 "m3_Scotese_Behr220_289" 10000 220 7500 1 1000 0.02 2 30000 0
8 3.444 0.035 0.013 0.01 1.78 666 390 "m3_Scotese_Behr220_290" 10000 220 7500 1 1000 0.02 2 30000 0
4 4.953 0.022 0.003 0.003 3.037 666 390 "m3_Scotese_Behr220_291" 10000 220 7500 1 1000 0.02 2 30000 0
5 3.067 0.025 0.02 0.008 3.352 666 390 "m3_Scotese_Behr220_292" 10000 220 7500 1 1000 0.02 2 30000 0
9 4.576 0.013 0.01 0.001 2.094 666 390 "m3_Scotese_Behr220_293" 10000 220 7500 1 1000 0.02 2 30000 0
7 2.312 0.019 0.015 0.005 3.98 666 390 "m3_Scotese_Behr220_294" 10000 220 7500 1 1000 0.02 2 30000 0
3 3.821 0.031 0.005 0.012 2.723 666 390 "m3_Scotese_Behr220_295" 10000 220 7500 1 1000 0.02 2 30000 0
4 3.255 0.02 0.009 0.014 2.566 666 390 "m3_Scotese_Behr220_296" 10000 220 7500 1 1000 0.02 2 30000 0
8 4.764 0.033 0.019 0.007 3.823 666 390 "m3_Scotese_Behr220_297" 10000 220 7500 1 1000 0.02 2 30000 0
10 2.501 0.027 0.004 0.004 1.937 666 390 "m3_Scotese_Behr220_298" 10000 220 7500 1 1000 0.02 2 30000 0
6 4.01 0.014 0.014 0.011 3.194 666 390 "m3_Scotese_Behr220_299" 10000 220 7500 1 1000 0.02 2 30000 0
5 2.124 0.03 0.007 0.002 2.88 666 390 "m3_Scotese_Behr220_300" 10000 220 7500 1 1000 0.02 2 30000 0
9 3.633 0.017 0.016 0.009 1.623 666 390 "m3_Scotese_Behr220_301" 10000 220 7500 1 1000 0.02 2 30000 0
7 2.878 0.011 0.002 0.012 3.509 666 390 "m3_Scotese_Behr220_302" 10000 220 7500 1 1000 0.02 2 30000 0
3 4.387 0.024 0.011 0.005 2.251 666 390 "m3_Scotese_Behr220_303" 10000 220 7500 1 1000 0.02 2 30000 0
3 2.784 0.032 0.014 0.003 1.544 666 390 "m3_Scotese_Behr220_304" 10000 220 7500 1 1000 0.02 2 30000 0
7 4.293 0.02 0.005 0.01 2.802 666 390 "m3_Scotese_Behr220_305" 10000 220 7500 1 1000 0.02 2 30000 0
9 2.029 0.013 0.019 0.014 2.173 666 390 "m3_Scotese_Behr220_306" 10000 220 7500 1 1000 0.02 2 30000 0
5 3.538 0.026 0.01 0.007 3.43 666 390 "m3_Scotese_Behr220_307" 10000 220 7500 1 1000 0.02 2 30000 0
6 2.407 0.017 0.012 0.012 3.745 666 390 "m3_Scotese_Behr220_308" 10000 220 7500 1 1000 0.02 2 30000 0
10 3.916 0.029 0.002 0.005 2.487 666 390 "m3_Scotese_Behr220_309" 10000 220 7500 1 1000 0.02 2 30000 0
8 3.161 0.023 0.017 0.001 3.116 666 390 "m3_Scotese_Behr220_310" 10000 220 7500 1 1000 0.02 2 30000 0
4 4.67 0.01 0.007 0.009 1.859 666 390 "m3_Scotese_Behr220_311" 10000 220 7500 1 1000 0.02 2 30000 0
3 2.218 0.028 0.001 0.011 2.016 666 390 "m3_Scotese_Behr220_312" 10000 220 7500 1 1000 0.02 2 30000 0
7 3.727 0.015 0.011 0.004 3.273 666 390 "m3_Scotese_Behr220_313" 10000 220 7500 1 1000 0.02 2 30000 0
9 2.972 0.021 0.006 0.008 2.644 666 390 "m3_Scotese_Behr220_314" 10000 220 7500 1 1000 0.02 2 30000 0
5 4.481 0.034 0.016 0.015 3.902 666 390 "m3_Scotese_Behr220_315" 10000 220 7500 1 1000 0.02 2 30000 0
4 3.35 0.012 0.004 0.006 3.587 666 390 "m3_Scotese_Behr220_316" 10000 220 7500 1 1000 0.02 2 30000 0
8 4.859 0.024 0.013 0.013 2.33 666 390 "m3_Scotese_Behr220_317" 10000 220 7500 1 1000 0.02 2 30000 0
6 2.595 0.031 0.008 0.009 2.959 666 390 "m3_Scotese_Behr220_318" 10000 220 7500 1 1000 0.02 2 30000 0
2 4.104 0.018 0.018 0.002 1.701 666 390 "m3_Scotese_Behr220_319" 10000 220 7500 1 1000 0.02 2 30000 0
2 2.289 0.031 0.011 0.013 1.878 666 390 "m3_Scotese_Behr220_320" 10000 220 7500 1 1000 0.02 2 30000 0
6 3.798 0.018 0.001 0.006 3.136 666 390 "m3_Scotese_Behr220_321" 10000 220 7500 1 1000 0.02 2 30000 0
8 3.043 0.012 0.016 0.003 2.507 666 390 "m3_Scotese_Behr220_322" 10000 220 7500 1 1000 0.02 2 30000 0
4 4.552 0.025 0.006 0.01 3.764 666 390 "m3_Scotese_Behr220_323" 10000 220 7500 1 1000 0.02 2 30000 0
5 3.42 0.021 0.013 0.001 3.45 666 390 "m3_Scotese_Behr220_324" 10000 220 7500 1 1000 0.02 2 30000 0
9 4.929 0.034 0.004 0.008 2.193 666 390 "m3_Scotese_Behr220_325" 10000 220 7500 1 1000 0.02 2 30000 0
7 2.666 0.028 0.018 0.012 2.821 666 390 "m3_Scotese_Behr220_326" 10000 220 7500 1 1000 0.02 2 30000 0
3 4.175 0.015 0.009 0.005 1.564 666 390 "m3_Scotese_Behr220_327" 10000 220 7500 1 1000 0.02 2 30000 0
4 2.855 0.023 0.005 0.007 1.721 666 390 "m3_Scotese_Behr220_328" 10000 220 7500 1 1000 0.02 2 30000 0
8 4.363 0.01 0.015 0.014 2.978 666 390 "m3_Scotese_Behr220_329" 10000 220 7500 1 1000 0.02 2 30000 0
10 2.1 0.017 0.01 0.011 2.35 666 390 "m3_Scotese_Behr220_330" 10000 220 7500 1 1000 0.02 2 30000 0
6 3.609 0.029 0.019 0.004 3.607 666 390 "m3_Scotese_Behr220_331" 10000 220 7500 1 1000 0.02 2 30000 0
5 2.477 0.014 0.003 0.009 3.921 666 390 "m3_Scotese_Behr220_332" 10000 220 7500 1 1000 0.02 2 30000 0
9 3.986 0.026 0.012 0.002 2.664 666 390 "m3_Scotese_Behr220_333" 10000 220 7500 1 1000 0.02 2 30000 0
7 3.232 0.032 0.007 0.006 3.293 666 390 "m3_Scotese_Behr220_334" 10000 220 7500 1 1000 0.02 2 30000 0
3 4.741 0.02 0.017 0.013 2.035 666 390 "m3_Scotese_Behr220_335" 10000 220 7500 1 1000 0.02 2 30000 0
3 3.138 0.011 0.019 0.01 2.743 666 390 "m3_Scotese_Behr220_336" 10000 220 7500 1 1000 0.02 2 30000 0
7 4.646 0.024 0.009 0.003 4 666 390 "m3_Scotese_Behr220_337" 10000 220 7500 1 1000 0.02 2 30000 0
9 2.383 0.03 0.014 0.007 2.114 666 390 "m3_Scotese_Behr220_338" 10000 220 7500 1 1000 0.02 2 30000 0
5 3.892 0.018 0.004 0.014 3.371 666 390 "m3_Scotese_Behr220_339" 10000 220 7500 1 1000 0.02 2 30000 0
6 2.006 0.027 0.016 0.005 3.057 666 390 "m3_Scotese_Behr220_340" 10000 220 7500 1 1000 0.02 2 30000 0
10 3.515 0.014 0.007 0.012 1.8 666 390 "m3_Scotese_Behr220_341" 10000 220 7500 1 1000 0.02 2 30000 0
8 2.76 0.021 0.012 0.009 3.686 666 390 "m3_Scotese_Behr220_342" 10000 220 7500 1 1000 0.02 2 30000 0
4 4.269 0.033 0.002 0.002 2.428 666 390 "m3_Scotese_Behr220_343" 10000 220 7500 1 1000 0.02 2 30000 0
3 2.572 0.019 0.008 0.004 2.271 666 390 "m3_Scotese_Behr220_344" 10000 220 7500 1 1000 0.02 2 30000 0
7 4.081 0.032 0.018 0.011 3.528 666 390 "m3_Scotese_Behr220_345" 10000 220 7500 1 1000 0.02 2 30000 0
9 3.326 0.025 0.003 0.015 1.642 666 390 "m3_Scotese_Behr220_346" 10000 220 7500 1 1000 0.02 2 30000 0
5 4.835 0.013 0.013 0.008 2.9 666 390 "m3_Scotese_Behr220_347" 10000 220 7500 1 1000 0.02 2 30000 0
4 2.949 0.035 0.01 0.013 3.214 666 390 "m3_Scotese_Behr220_348" 10000 220 7500 1 1000 0.02 2 30000 0
8 4.458 0.022 0.02 0.006 1.957 666 390 "m3_Scotese_Behr220_349" 10000 220 7500 1 1000 0.02 2 30000 0
6 2.194 0.016 0.006 0.002 3.843 666 390 "m3_Scotese_Behr220_350" 10000 220 7500 1 1000 0.02 2 30000 0
2 3.703 0.029 0.015 0.01 2.585 666 390 "m3_Scotese_Behr220_351" 10000 220 7500 1 1000 0.02 2 30000 0
2 3.09 0.017 0.002 0.006 2.782 666 390 "m3_Scotese_Behr220_352" 10000 220 7500 1 1000 0.02 2 30000 0
6 4.599 0.03 0.012 0.013 1.525 666 390 "m3_Scotese_Behr220_353" 10000 220 7500 1 1000 0.02 2 30000 0
8 2.336 0.023 0.007 0.009 3.411 666 390 "m3_Scotese_Behr220_354" 10000 220 7500 1 1000 0.02 2 30000 0
4 3.845 0.011 0.017 0.002 2.153 666 390 "m3_Scotese_Behr220_355" 10000 220 7500 1 1000 0.02 2 30000 0
5 2.713 0.033 0.005 0.011 2.468 666 390 "m3_Scotese_Behr220_356" 10000 220 7500 1 1000 0.02 2 30000 0
9 4.222 0.02 0.014 0.004 3.725 666 390 "m3_Scotese_Behr220_357" 10000 220 7500 1 1000 0.02 2 30000 0
7 3.468 0.014 0.009 0.008 1.839 666 390 "m3_Scotese_Behr220_358" 10000 220 7500 1 1000 0.02 2 30000 0
3 4.976 0.027 0.019 0.015 3.096 666 390 "m3_Scotese_Behr220_359" 10000 220 7500 1 1000 0.02 2 30000 0
4 2.147 0.012 0.013 0.012 3.253 666 390 "m3_Scotese_Behr220_360" 10000 220 7500 1 1000 0.02 2 30000 0
8 3.656 0.025 0.004 0.005 1.996 666 390 "m3_Scotese_Behr220_361" 10000 220 7500 1 1000 0.02 2 30000 0
10 2.902 0.031 0.018 0.001 3.882 666 390 "m3_Scotese_Behr220_362" 10000 220 7500 1 1000 0.02 2 30000 0
6 4.411 0.019 0.008 0.008 2.625 666 390 "m3_Scotese_Behr220_363" 10000 220 7500 1 1000 0.02 2 30000 0
5 3.279 0.028 0.011 0.003 2.31 666 390 "m3_Scotese_Behr220_364" 10000 220 7500 1 1000 0.02 2 30000 0
9 4.788 0.016 0.001 0.01 3.568 666 390 "m3_Scotese_Behr220_365" 10000 220 7500 1 1000 0.02 2 30000 0
7 2.525 0.022 0.015 0.014 1.682 666 390 "m3_Scotese_Behr220_366" 10000 220 7500 1 1000 0.02 2 30000 0
3 4.033 0.034 0.006 0.007 2.939 666 390 "m3_Scotese_Behr220_367" 10000 220 7500 1 1000 0.02 2 30000 0
3 2.43 0.024 0.01 0.003 3.646 666 390 "m3_Scotese_Behr220_368" 10000 220 7500 1 1000 0.02 2 30000 0
7 3.939 0.012 0.02 0.01 2.389 666 390 "m3_Scotese_Behr220_369" 10000 220 7500 1 1000 0.02 2 30000 0
9 3.185 0.018 0.005 0.013 3.018 666 390 "m3_Scotese_Behr220_370" 10000 220 7500 1 1000 0.02 2 30000 0
5 4.694 0.03 0.015 0.006 1.76 666 390 "m3_Scotese_Behr220_371" 10000 220 7500 1 1000 0.02 2 30000 0
6 2.807 0.015 0.008 0.015 2.075 666 390 "m3_Scotese_Behr220_372" 10000 220 7500 1 1000 0.02 2 30000 0
10 4.316 0.027 0.017 0.008 3.332 666 390 "m3_Scotese_Behr220_373" 10000 220 7500 1 1000 0.02 2 30000 0
8 2.053 0.034 0.003 0.004 2.703 666 390 "m3_Scotese_Behr220_374" 10000 220 7500 1 1000 0.02 2 30000 0
4 3.562 0.021 0.012 0.011 3.961 666 390 "m3_Scotese_Behr220_375" 10000 220 7500 1 1000 0.02 2 30000 0
3 3.373 0.029 0.016 0.009 3.804 666 390 "m3_Scotese_Behr220_376" 10000 220 7500 1 1000 0.02 2 30000 0
7 4.882 0.016 0.007 0.002 2.546 666 390 "m3_Scotese_Behr220_377" 10000 220 7500 1 1000 0.02 2 30000 0
9 2.619 0.01 0.011 0.005 3.175 666 390 "m3_Scotese_Behr220_378" 10000 220 7500 1 1000 0.02 2 30000 0
5 4.128 0.023 0.002 0.012 1.917 666 390 "m3_Scotese_Behr220_379" 10000 220 7500 1 1000 0.02 2 30000 0
4 2.242 0.02 0.018 0.007 1.603 666 390 "m3_Scotese_Behr220_380" 10000 220 7500 1 1000 0.02 2 30000 0
8 3.75 0.032 0.009 0.014 2.861 666 390 "m3_Scotese_Behr220_381" 10000 220 7500 1 1000 0.02 2 30000 0
6 2.996 0.026 0.014 0.011 2.232 666 390 "m3_Scotese_Behr220_382" 10000 220 7500 1 1000 0.02 2 30000 0
2 4.505 0.013 0.004 0.004 3.489 666 390 "m3_Scotese_Behr220_383" 10000 220 7500 1 1000 0.02 2 30000 0
2 2.489 0.021 0.015 0.01 2.929 666 390 "m3_Scotese_Behr220_384" 10000 220 7500 1 1000 0.02 2 30000 0
6 3.998 0.033 0.005 0.003 1.672 666 390 "m3_Scotese_Behr220_385" 10000 220 7500 1 1000 0.02 2 30000 0
8 3.244 0.027 0.02 0.006 3.558 666 390 "m3_Scotese_Behr220_386" 10000 220 7500 1 1000 0.02 2 30000 0
4 4.752 0.015 0.01 0.013 2.301 666 390 "m3_Scotese_Behr220_387" 10000 220 7500 1 1000 0.02 2 30000 0
5 2.866 0.03 0.012 0.005 2.615 666 390 "m3_Scotese_Behr220_388" 10000 220 7500 1 1000 0.02 2 30000 0
9 4.375 0.018 0.003 0.012 3.872 666 390 "m3_Scotese_Behr220_389" 10000 220 7500 1 1000 0.02 2 30000 0
7 2.112 0.011 0.017 0.008 1.986 666 390 "m3_Scotese_Behr220_390" 10000 220 7500 1 1000 0.02 2 30000 0
3 3.621 0.024 0.008 0.001 3.244 666 390 "m3_Scotese_Behr220_391" 10000 220 7500 1 1000 0.02 2 30000 0
4 3.432 0.016 0.002 0.004 3.086 666 390 "m3_Scotese_Behr220_392" 10000 220 7500 1 1000 0.02 2 30000 0
8 4.941 0.029 0.011 0.011 1.829 666 390 "m3_Scotese_Behr220_393" 10000 220 7500 1 1000 0.02 2 30000 0
10 2.678 0.035 0.006 0.014 3.715 666 390 "m3_Scotese_Behr220_394" 10000 220 7500 1 1000 0.02 2 30000 0
6 4.187 0.022 0.016 0.007 2.458 666 390 "m3_Scotese_Behr220_395" 10000 220 7500 1 1000 0.02 2 30000 0
5 2.301 0.025 0.004 0.013 2.143 666 390 "m3_Scotese_Behr220_396" 10000 220 7500 1 1000 0.02 2 30000 0
9 3.809 0.013 0.014 0.006 3.401 666 390 "m3_Scotese_Behr220_397" 10000 220 7500 1 1000 0.02 2 30000 0
7 3.055 0.019 0.009 0.002 1.515 666 390 "m3_Scotese_Behr220_398" 10000 220 7500 1 1000 0.02 2 30000 0
3 4.564 0.032 0.018 0.009 2.772 666 390 "m3_Scotese_Behr220_399" 10000 220 7500 1 1000 0.02 2 30000 0
3 2.961 0.028 0.017 0.014 3.479 666 390 "m3_Scotese_Behr220_400" 10000 220 7500 1 1000 0.02 2 30000 0
7 4.47 0.015 0.007 0.007 2.222 666 390 "m3_Scotese_Behr220_401" 10000 220 7500 1 1000 0.02 2 30000 0
9 2.206 0.022 0.012 0.003 2.851 666 390 "m3_Scotese_Behr220_402" 10000 220 7500 1 1000 0.02 2 30000 0
5 3.715 0.034 0.002 0.01 1.593 666 390 "m3_Scotese_Behr220_403" 10000 220 7500 1 1000 0.02 2 30000 0
6 2.583 0.012 0.019 0.002 1.908 666 390 "m3_Scotese_Behr220_404" 10000 220 7500 1 1000 0.02 2 30000 0
10 4.092 0.025 0.009 0.009 3.165 666 390 "m3_Scotese_Behr220_405" 10000 220 7500 1 1000 0.02 2 30000 0
8 3.338 0.031 0.014 0.012 2.536 666 390 "m3_Scotese_Behr220_406" 10000 220 7500 1 1000 0.02 2 30000 0
4 4.847 0.018 0.005 0.005 3.794 666 390 "m3_Scotese_Behr220_407" 10000 220 7500 1 1000 0.02 2 30000 0
3 2.018 0.033 0.008 0.008 3.951 666 390 "m3_Scotese_Behr220_408" 10000 220 7500 1 1000 0.02 2 30000 0
7 3.527 0.02 0.018 0.015 2.694 666 390 "m3_Scotese_Behr220_409" 10000 220 7500 1 1000 0.02 2 30000 0
9 2.772 0.014 0.003 0.011 3.322 666 390 "m3_Scotese_Behr220_410" 10000 220 7500 1 1000 0.02 2 30000 0
5 4.281 0.026 0.013 0.004 2.065 666 390 "m3_Scotese_Behr220_411" 10000 220 7500 1 1000 0.02 2 30000 0
4 3.149 0.017 0.006 0.009 1.75 666 390 "m3_Scotese_Behr220_412" 10000 220 7500 1 1000 0.02 2 30000 0
8 4.658 0.029 0.015 0.002 3.008 666 390 "m3_Scotese_Behr220_413" 10000 220 7500 1 1000 0.02 2 30000 0
6 2.395 0.023 0.001 0.006 2.379 666 390 "m3_Scotese_Behr220_414" 10000 220 7500 1 1000 0.02 2 30000 0
2 3.904 0.011 0.011 0.013 3.637 666 390 "m3_Scotese_Behr220_415" 10000 220 7500 1 1000 0.02 2 30000 0
2 3.291 0.034 0.004 0.002 2.026 666 390 "m3_Scotese_Behr220_416" 10000 220 7500 1 1000 0.02 2 30000 0
6 4.8 0.021 0.014 0.009 3.283 666 390 "m3_Scotese_Behr220_417" 10000 220 7500 1 1000 0.02 2 30000 0
8 2.536 0.015 0.009 0.013 2.654 666 390 "m3_Scotese_Behr220_418" 10000 220 7500 1 1000 0.02 2 30000 0
4 4.045 0.027 0.019 0.006 3.912 666 390 "m3_Scotese_Behr220_419" 10000 220 7500 1 1000 0.02 2 30000 0
5 2.159 0.018 0.002 0.015 3.597 666 390 "m3_Scotese_Behr220_420" 10000 220 7500 1 1000 0.02 2 30000 0
9 3.668 0.031 0.012 0.007 2.34 666 390 "m3_Scotese_Behr220_421" 10000 220 7500 1 1000 0.02 2 30000 0
7 2.914 0.024 0.007 0.004 2.969 666 390 "m3_Scotese_Behr220_422" 10000 220 7500 1 1000 0.02 2 30000 0
3 4.422 0.012 0.016 0.011 1.711 666 390 "m3_Scotese_Behr220_423" 10000 220 7500 1 1000 0.02 2 30000 0
4 2.725 0.026 0.013 0.008 1.554 666 390 "m3_Scotese_Behr220_424" 10000 220 7500 1 1000 0.02 2 30000 0
8 4.234 0.013 0.003 0.001 2.811 666 390 "m3_Scotese_Behr220_425" 10000 220 7500 1 1000 0.02 2 30000 0
10 3.479 0.02 0.017 0.005 2.183 666 390 "m3_Scotese_Behr220_426" 10000 220 7500 1 1000 0.02 2 30000 0
6 4.988 0.032 0.008 0.012 3.44 666 390 "m3_Scotese_Behr220_427" 10000 220 7500 1 1000 0.02 2 30000 0
5 3.102 0.01 0.015 0.007 3.754 666 390 "m3_Scotese_Behr220_428" 10000 220 7500 1 1000 0.02 2 30000 0
9 4.611 0.023 0.006 0.014 2.497 666 390 "m3_Scotese_Behr220_429" 10000 220 7500 1 1000 0.02 2 30000 0
7 2.348 0.029 0.02 0.01 3.126 666 390 "m3_Scotese_Behr220_430" 10000 220 7500 1 1000 0.02 2 30000 0
3 3.857 0.016 0.01 0.003 1.868 666 390 "m3_Scotese_Behr220_431" 10000 220 7500 1 1000 0.02 2 30000 0
3 2.253 0.014 0.006 0.006 2.576 666 390 "m3_Scotese_Behr220_432" 10000 220 7500 1 1000 0.02 2 30000 0
7 3.762 0.027 0.016 0.013 3.833 666 390 "m3_Scotese_Behr220_433" 10000 220 7500 1 1000 0.02 2 30000 0
9 3.008 0.033 0.001 0.01 1.947 666 390 "m3_Scotese_Behr220_434" 10000 220 7500 1 1000 0.02 2 30000 0
5 4.517 0.02 0.011 0.003 3.204 666 390 "m3_Scotese_Behr220_435" 10000 220 7500 1 1000 0.02 2 30000 0
6 3.385 0.024 0.009 0.011 2.89 666 390 "m3_Scotese_Behr220_436" 10000 220 7500 1 1000 0.02 2 30000 0
10 4.894 0.011 0.018 0.004 1.633 666 390 "m3_Scotese_Behr220_437" 10000 220 7500 1 1000 0.02 2 30000 0
8 2.631 0.017 0.004 0.008 3.519 666 390 "m3_Scotese_Behr220_438" 10000 220 7500 1 1000 0.02 2 30000 0
4 4.139 0.03 0.013 0.015 2.261 666 390 "m3_Scotese_Behr220_439" 10000 220 7500 1 1000 0.02 2 30000 0
3 2.819 0.022 0.019 0.012 2.418 666 390 "m3_Scotese_Behr220_440" 10000 220 7500 1 1000 0.02 2 30000 0
7 4.328 0.035 0.01 0.005 3.676 666 390 "m3_Scotese_Behr220_441" 10000 220 7500 1 1000 0.02 2 30000 0
9 2.065 0.028 0.014 0.002 1.79 666 390 "m3_Scotese_Behr220_442" 10000 220 7500 1 1000 0.02 2 30000 0
5 3.574 0.016 0.005 0.009 3.047 666 390 "m3_Scotese_Behr220_443" 10000 220 7500 1 1000 0.02 2 30000 0
4 2.442 0.031 0.017 0.004 3.361 666 390 "m3_Scotese_Behr220_444" 10000 220 7500 1 1000 0.02 2 30000 0
8 3.951 0.019 0.007 0.011 2.104 666 390 "m3_Scotese_Behr220_445" 10000 220 7500 1 1000 0.02 2 30000 0
6 3.196 0.013 0.012 0.014 3.99 666 390 "m3_Scotese_Behr220_446" 10000 220 7500 1 1000 0.02 2 30000 0
2 4.705 0.025 0.003 0.007 2.733 666 390 "m3_Scotese_Behr220_447" 10000 220 7500 1 1000 0.02 2 30000 0
2 2.89 0.013 0.01 0.009 2.242 666 390 "m3_Scotese_Behr220_448" 10000 220 7500 1 1000 0.02 2 30000 0
6 4.399 0.025 0.019 0.002 3.499 666 390 "m3_Scotese_Behr220_449" 10000 220 7500 1 1000 0.02 2 30000 0
8 2.136 0.032 0.005 0.006 1.613 666 390 "m3_Scotese_Behr220_450" 10000 220 7500 1 1000 0.02 2 30000 0
4 3.644 0.019 0.015 0.013 2.87 666 390 "m3_Scotese_Behr220_451" 10000 220 7500 1 1000 0.02 2 30000 0
5 2.513 0.028 0.007 0.007 3.185 666 390 "m3_Scotese_Behr220_452" 10000 220 7500 1 1000 0.02 2 30000 0
9 4.022 0.016 0.017 0.014 1.927 666 390 "m3_Scotese_Behr220_453" 10000 220 7500 1 1000 0.02 2 30000 0
7 3.267 0.022 0.003 0.011 3.813 666 390 "m3_Scotese_Behr220_454" 10000 220 7500 1 1000 0.02 2 30000 0
3 4.776 0.035 0.012 0.004 2.556 666 390 "m3_Scotese_Behr220_455" 10000 220 7500 1 1000 0.02 2 30000 0
4 2.324 0.017 0.016 0.001 2.713 666 390 "m3_Scotese_Behr220_456" 10000 220 7500 1 1000 0.02 2 30000 0
8 3.833 0.03 0.006 0.008 3.971 666 390 "m3_Scotese_Behr220_457" 10000 220 7500 1 1000 0.02 2 30000 0
10 3.079 0.024 0.011 0.012 2.084 666 390 "m3_Scotese_Behr220_458" 10000 220 7500 1 1000 0.02 2 30000 0
6 4.587 0.011 0.002 0.005 3.342 666 390 "m3_Scotese_Behr220_459" 10000 220 7500 1 1000 0.02 2 30000 0
5 3.456 0.033 0.018 0.014 3.028 666 390 "m3_Scotese_Behr220_460" 10000 220 7500 1 1000 0.02 2 30000 0
9 4.965 0.021 0.009 0.006 1.77 666 390 "m3_Scotese_Behr220_461" 10000 220 7500 1 1000 0.02 2 30000 0
7 2.701 0.014 0.013 0.003 3.656 666 390 "m3_Scotese_Behr220_462" 10000 220 7500 1 1000 0.02 2 30000 0
3 4.21 0.027 0.004 0.01 2.399 666 390 "m3_Scotese_Behr220_463" 10000 220 7500 1 1000 0.02 2 30000 0
3 2.607 0.029 0.003 0.013 1.692 666 390 "m3_Scotese_Behr220_464" 10000 220 7500 1 1000 0.02 2 30000 0
7 4.116 0.017 0.013 0.006 2.949 666 390 "m3_Scotese_Behr220_465" 10000 220 7500 1 1000 0.02 2 30000 0
9 3.361 0.01 0.008 0.003 2.32 666 390 "m3_Scotese_Behr220_466" 10000 220 7500 1 1000 0.02 2 30000 0
5 4.87 0.023 0.018 0.01 3.578 666 390 "m3_Scotese_Behr220_467" 10000 220 7500 1 1000 0.02 2 30000 0
6 2.984 0.02 0.006 0.004 3.892 666 390 "m3_Scotese_Behr220_468" 10000 220 7500 1 1000 0.02 2 30000 0
10 4.493 0.032 0.015 0.011 2.635 666 390 "m3_Scotese_Behr220_469" 10000 220 7500 1 1000 0.02 2 30000 0
8 2.23 0.026 0.01 0.015 3.263 666 390 "m3_Scotese_Behr220_470" 10000 220 7500 1 1000 0.02 2 30000 0
4 3.739 0.014 0.02 0.008 2.006 666 390 "m3_Scotese_Behr220_471" 10000 220 7500 1 1000 0.02 2 30000 0
3 3.173 0.025 0.014 0.005 1.849 666 390 "m3_Scotese_Behr220_472" 10000 220 7500 1 1000 0.02 2 30000 0
7 4.682 0.012 0.005 0.012 3.106 666 390 "m3_Scotese_Behr220_473" 10000 220 7500 1 1000 0.02 2 30000 0
9 2.418 0.018 0.019 0.009 2.477 666 390 "m3_Scotese_Behr220_474" 10000 220 7500 1 1000 0.02 2 30000 0
5 3.927 0.031 0.009 0.002 3.735 666 390 "m3_Scotese_Behr220_475" 10000 220 7500 1 1000 0.02 2 30000 0
4 2.041 0.015 0.012 0.01 3.42 666 390 "m3_Scotese_Behr220_476" 10000 220 7500 1 1000 0.02 2 30000 0
8 3.55 0.028 0.002 0.003 2.163 666 390 "m3_Scotese_Behr220_477" 10000 220 7500 1 1000 0.02 2 30000 0
6 2.796 0.034 0.016 0.007 2.792 666 390 "m3_Scotese_Behr220_478" 10000 220 7500 1 1000 0.02 2 30000 0
2 4.305 0.021 0.007 0.014 1.534 666 390 "m3_Scotese_Behr220_479" 10000 220 7500 1 1000 0.02 2 30000 0
2 2.088 0.023 0.018 0.003 3.774 666 390 "m3_Scotese_Behr220_480" 10000 220 7500 1 1000 0.02 2 30000 0
6 3.597 0.01 0.008 0.01 2.517 666 390 "m3_Scotese_Behr220_481" 10000 220 7500 1 1000 0.02 2 30000 0
8 2.843 0.016 0.013 0.013 3.145 666 390 "m3_Scotese_Behr220_482" 10000 220 7500 1 1000 0.02 2 30000 0
4 4.352 0.029 0.004 0.006 1.888 666 390 "m3_Scotese_Behr220_483" 10000 220 7500 1 1000 0.02 2 30000 0
5 3.22 0.013 0.016 0.012 1.574 666 390 "m3_Scotese_Behr220_484" 10000 220 7500 1 1000 0.02 2 30000 0
9 4.729 0.026 0.006 0.005 2.831 666 390 "m3_Scotese_Behr220_485" 10000 220 7500 1 1000 0.02 2 30000 0
7 2.466 0.032 0.011 0.001 2.202 666 390 "m3_Scotese_Behr220_486" 10000 220 7500 1 1000 0.02 2 30000 0
3 3.974 0.019 0.001 0.008 3.46 666 390 "m3_Scotese_Behr220_487" 10000 220 7500 1 1000 0.02 2 30000 0
4 3.031 0.03 0.007 0.011 3.617 666 390 "m3_Scotese_Behr220_488" 10000 220 7500 1 1000 0.02 2 30000 0
8 4.54 0.018 0.017 0.004 2.36 666 390 "m3_Scotese_Behr220_489" 10000 220 7500 1 1000 0.02 2 30000 0
10 2.277 0.012 0.002 0.007 2.988 666 390 "m3_Scotese_Behr220_490" 10000 220 7500 1 1000 0.02 2 30000 0
6 3.786 0.024 0.012 0.014 1.731 666 390 "m3_Scotese_Behr220_491" 10000 220 7500 1 1000 0.02 2 30000 0
5 2.654 0.021 0.01 0.005 2.045 666 390 "m3_Scotese_Behr220_492" 10000 220 7500 1 1000 0.02 2 30000 0
9 4.163 0.034 0.019 0.012 3.303 666 390 "m3_Scotese_Behr220_493" 10000 220 7500 1 1000 0.02 2 30000 0
7 3.409 0.027 0.005 0.009 2.674 666 390 "m3_Scotese_Behr220_494" 10000 220 7500 1 1000 0.02 2 30000 0
3 4.917 0.015 0.014 0.002 3.931 666 390 "m3_Scotese_Behr220_495" 10000 220 7500 1 1000 0.02 2 30000 0
2 3.314 0.019 0.011 0.007 3.224 666 390 "m3_Scotese_Behr220_496" 10000 220 7500 1 1000 0.02 2 30000 0
7 4.823 0.031 0.002 0.014 1.967 666 390 "m3_Scotese_Behr220_497" 10000 220 7500 1 1000 0.02 2 30000 0
9 2.56 0.025 0.016 0.01 3.853 666 390 "m3_Scotese_Behr220_498" 10000 220 7500 1 1000 0.02 2 30000 0
4 4.069 0.012 0.007 0.003 2.595 666 390 "m3_Scotese_Behr220_499" 10000 220 7500 1 1000 0.02 2 30000 0
6 2.183 0.034 0.014 0.008 2.281 666 390 "m3_Scotese_Behr220_500" 10000 220 7500 1 1000 0.02 2 30000 0
